# 选股清单 —— 从东方财富导出的代码粘贴到这里，每行一条，保存即生效
# 支持两种写法：
#   600519            （只写代码，系统自动查名称）
#   600519,贵州茅台    （代码+名称，逗号分隔，中英文逗号均可）
# 以 # 开头的行为注释
600158
605299
001296
605288
001280
600749
002627
601127
003022
603306
002594
002920
002194
601088
603435
002531
002542
002581
002074
002129
600580
000591
600360
000800
002077
601138
603019
000977
000768
002081
002602
002668
000088
600428
002304
605050
603167
600483
000858
000582
600853
000822
000539
002896
000417
601086
002083
603069
605318
603319
600592
002715
603200
600114
000620
605003
600460
002871
600480
600736
000100
600227
603605
002128
600121
600403
603922
301509
000537
603887
002174
601059
002307
601615
000913
601965
000892
002400
002682
002374
000035
603759
000709
603277
002797
002115
600826
000831
600226
601519
000592
